{
  "accessors": [
    {
      "bufferView": 2,
      "componentType": 5126,
      "count": 5149,
      "max": [
        1000,
        1000,
        1000
      ],
      "min": [
        -1000,
        -1000,
        -1000
      ],
      "type": "VEC3"
    },
    {
      "bufferView": 2,
      "byteOffset": 61788,
      "componentType": 5126,
      "count": 5149,
      "max": [
        1,
        1,
        1
      ],
      "min": [
        -1,
        -1,
        -1
      ],
      "type": "VEC3"
    },
    {
      "bufferView": 3,
      "componentType": 5126,
      "count": 5149,
      "max": [
        1,
        0.015678722411394119,
        1,
        1
      ],
      "min": [
        -1,
        -0.015678806230425835,
        -1,
        1
      ],
      "type": "VEC4"
    },
    {
      "bufferView": 1,
      "componentType": 5126,
      "count": 5149,
      "max": [
        1,
        1
      ],
      "min": [
        0,
        0
      ],
      "type": "VEC2"
    },
    {
      "bufferView": 0,
      "componentType": 5125,
      "count": 29400,
      "max": [
        5148
      ],
      "min": [
        0
      ],
      "type": "SCALAR"
    },
    {
      "bufferView": 2,
      "byteOffset": 123576,
      "componentType": 5126,
      "count": 5149,
      "max": [
        1005,
        1005,
        1005
      ],
      "min": [
        -1005,
        -1005,
        -1005
      ],
      "type": "VEC3"
    },
    {
      "bufferView": 2,
      "byteOffset": 185364,
      "componentType": 5126,
      "count": 5149,
      "max": [
        1,
        1,
        1
      ],
      "min": [
        -1,
        -1,
        -1
      ],
      "type": "VEC3"
    },
    {
      "bufferView": 3,
      "byteOffset": 82384,
      "componentType": 5126,
      "count": 5149,
      "max": [
        1,
        0.015678228810429573,
        1,
        1
      ],
      "min": [
        -1,
        -0.015678286552429199,
        -1,
        1
      ],
      "type": "VEC4"
    },
    {
      "bufferView": 1,
      "byteOffset": 41192,
      "componentType": 5126,
      "count": 5149,
      "max": [
        1,
        1
      ],
      "min": [
        0,
        0
      ],
      "type": "VEC2"
    },
    {
      "bufferView": 0,
      "byteOffset": 117600,
      "componentType": 5125,
      "count": 29400,
      "max": [
        5148
      ],
      "min": [
        0
      ],
      "type": "SCALAR"
    }
  ],
  "asset": {
    "extras": {
      "author": "unaipl2003 (https://sketchfab.com/unaipl2003)",
      "license": "CC-BY-4.0 (http://creativecommons.org/licenses/by/4.0/)",
      "source": "https://sketchfab.com/models/db0633a98bf743388860626a6a79d40c",
      "title": "Alba (Fictional)"
    },
    "generator": "Sketchfab-3.19.2",
    "version": "2.0"
  },
  "bufferViews": [
    {
      "buffer": 0,
      "byteLength": 235200,
      "byteOffset": 0,
      "name": "floatBufferViews",
      "target": 34963
    },
    {
      "buffer": 0,
      "byteLength": 82384,
      "byteOffset": 235200,
      "byteStride": 8,
      "name": "floatBufferViews",
      "target": 34962
    },
    {
      "buffer": 0,
      "byteLength": 247152,
      "byteOffset": 317584,
      "byteStride": 12,
      "name": "floatBufferViews",
      "target": 34962
    },
    {
      "buffer": 0,
      "byteLength": 164768,
      "byteOffset": 564736,
      "byteStride": 16,
      "name": "floatBufferViews",
      "target": 34962
    }
  ],
  "buffers": [
    {
      "byteLength": 729504,
      "uri": "scene.bin"
    }
  ],
  "images": [
    {
      "uri": "textures/Mat.1_baseColor.png"
    },
    {
      "uri": "textures/material_baseColor.jpeg"
    }
  ],
  "materials": [
    {
      "doubleSided": true,
      "emissiveFactor": [
        0,
        0,
        0
      ],
      "name": "material",
      "pbrMetallicRoughness": {
        "baseColorFactor": [
          1,
          1,
          1,
          1
        ],
        "baseColorTexture": {
          "index": 1,
          "texCoord": 0
        },
        "metallicFactor": 0,
        "roughnessFactor": 0.59999999999999998
      }
    },
    {
      "alphaMode": "BLEND",
      "doubleSided": true,
      "emissiveFactor": [
        0,
        0,
        0
      ],
      "name": "Mat.1",
      "pbrMetallicRoughness": {
        "baseColorFactor": [
          1,
          1,
          1,
          1
        ],
        "baseColorTexture": {
          "index": 0,
          "texCoord": 0
        },
        "metallicFactor": 0,
        "roughnessFactor": 0.59999999999999998
      }
    }
  ],
  "meshes": [
    {
      "name": "Esfera_Mat_0",
      "primitives": [
        {
          "attributes": {
            "NORMAL": 1,
            "POSITION": 0,
            "TANGENT": 2,
            "TEXCOORD_0": 3
          },
          "indices": 4,
          "material": 0,
          "mode": 4
        }
      ]
    },
    {
      "name": "Esfera_1_Mat.1_0",
      "primitives": [
        {
          "attributes": {
            "NORMAL": 6,
            "POSITION": 5,
            "TANGENT": 7,
            "TEXCOORD_0": 8
          },
          "indices": 9,
          "material": 1,
          "mode": 4
        }
      ]
    }
  ],
  "nodes": [
    {
      "children": [
        1
      ],
      "name": "RootNode (gltf orientation matrix)",
      "rotation": [
        -0.70710678118654746,
        -0,
        -0,
        0.70710678118654757
      ]
    },
    {
      "children": [
        2
      ],
      "name": "RootNode (model correction matrix)"
    },
    {
      "children": [
        3
      ],
      "matrix": [
        1,
        0,
        0,
        0,
        0,
        0,
        1,
        0,
        0,
        -1,
        0,
        0,
        0,
        0,
        0,
        1
      ],
      "name": "Alba.fbx"
    },
    {
      "children": [
        4,
        6,
        9,
        11
      ],
      "name": "RootNode"
    },
    {
      "children": [
        5
      ],
      "matrix": [
        0.70605679128873033,
        -0.35510709655836059,
        -0.61268487613858524,
        0,
        0.26820593096452272,
        0.93482562543711389,
        -0.23273725232880632,
        0,
        0.65540017246756666,
        -1.3877787807814457e-17,
        0.7552818109351529,
        0,
        -2031.8148193359375,
        1038.1002197265625,
        1723.1536865234375,
        1
      ],
      "name": "Cinema_4D_Editor"
    },
    {
      "name": ""
    },
    {
      "children": [
        7
      ],
      "matrix": [
        0.99832443107330437,
        -3.4694469519536142e-18,
        -0.057864758896611995,
        0,
        0.057267164307449339,
        -0.14334648895148394,
        0.98801429949037956,
        0,
        -0.0082947100218534915,
        -0.98967256408636572,
        -0.14310630202884589,
        0,
        0,
        0,
        0,
        1
      ],
      "name": "Luz"
    },
    {
      "children": [
        8
      ],
      "matrix": [
        1,
        0,
        0,
        0,
        0,
        2.2204460492503131e-16,
        1,
        0,
        0,
        -1,
        2.2204460492503131e-16,
        0,
        0,
        0,
        0,
        1
      ],
      "name": ""
    },
    {
      "name": ""
    },
    {
      "children": [
        10
      ],
      "matrix": [
        -0.86108493684095833,
        1.0545249116962805e-16,
        -0.50846114064459569,
        0,
        1.8473321075285701e-16,
        1,
        -1.0545249116962803e-16,
        0,
        0.50846114064459569,
        -1.8473321075285698e-16,
        -0.86108493684095833,
        0,
        0,
        0,
        0,
        1
      ],
      "name": "Esfera"
    },
    {
      "mesh": 0,
      "name": "Esfera_Mat_0"
    },
    {
      "children": [
        12
      ],
      "matrix": [
        -0.86108493684095788,
        -2.1073424366267087e-08,
        -0.50846114064459536,
        0,
        -1.8146008394142382e-08,
        0.99999999999999978,
        -1.0715017213261653e-08,
        0,
        0.50846114064459558,
        2.0590085178207889e-16,
        -0.8610849368409581,
        0,
        0,
        0,
        0,
        1
      ],
      "name": "Esfera_1"
    },
    {
      "mesh": 1,
      "name": "Esfera_1_Mat.1_0"
    }
  ],
  "samplers": [
    {
      "magFilter": 9729,
      "minFilter": 9987,
      "wrapS": 10497,
      "wrapT": 10497
    }
  ],
  "scene": 0,
  "scenes": [
    {
      "name": "OSG_Scene",
      "nodes": [
        0
      ]
    }
  ],
  "textures": [
    {
      "sampler": 0,
      "source": 0
    },
    {
      "sampler": 0,
      "source": 1
    }
  ]
}

